7789 
1506 
3050 
8459 
1970 
6094 
2645 
3919 
8018 
5153 
2687 
7510 
1211 
8501 
7450 
8670 
6059 
313 
9803 
1316 
9165 
3362 
7490 
4871 
9606 
2624 
1951 
5515 
8651 
3 
9491 
9308 
1270 
6445 
9925 
6739 
7656 
2313 
6966 
1421 
624 
8893 
3335 
6490 
1741 
7260 
2537 
7428 
4641 
2207 
293 
1025 
3302 
8789 
1581 
4282 
7926 
441 
5026 
29 
9845 
6227 
3368 
912 
1969 
5553 
4679 
3623 
1438 
838 
5668 
4839 
8491 
6756 
2351 
9228 
2265 
727 
3454 
3752 
269 
338 
393 
3997 
1187 
1742 
9559 
8173 
5445 
7199 
8874 
5408 
7645 
7178 
1575 
3990 
6552 
2564 
4297 
4653 
